0.24
0.27
0.29
0.3
0.32
0.31
0.28
0.29
0.27
0.27
0.26
0.29
0.32
0.35
0.38
0.42
0.45
0.48
0.49
0.51
0.49
0.5
0.47
0.49
0.46
0.46
0.45
0.46
0.49
0.49
0.5
0.47
0.46
0.45
0.45
0.45
0.42
0.41
0.39
0.41
0.43
0.42
0.41
0.41
0.41
0.43
0.4
0.36
0.32
0.3
0.31
0.33
0.33
0.34
0.32
0.33
0.33
0.34
0.34
0.33
0.34
0.36
0.37
0.38
0.41
0.43
0.42
0.4
0.36
0.37
0.34
0.37
0.37
0.38
0.37
0.39
0.39
0.39
0.38
0.4
0.42
0.44
0.46
0.47
0.45
0.42
0.43
0.47
0.47
0.48
0.49
0.49
0.48
0.45
0.45
0.47
0.47
0.47
0.46
0.47
0.53
0.54
0.57
0.54
0.56
0.53
0.52
0.49
0.5
0.5
0.5
0.48
0.49
0.49
0.49
0.44
0.42
0.41
0.41
0.44
0.44
0.45
0.44
0.46
0.48
0.49
0.46
0.46
0.45
0.46
0.45
0.46
0.45
0.48
0.48
0.51
0.51
0.5
0.47
0.44
0.47
0.47
0.52
0.52
0.52
0.49
0.48
0.5
0.52
0.51
0.5
0.51
0.53
0.53
0.52
0.5
0.5
0.5
0.51
0.52
0.52
0.52
0.5
0.49
0.48
0.51
0.53
0.54
0.5
0.48
0.47
0.49
0.51
0.51
0.52
0.5
0.49
0.46
0.46
